1.429562703304236182e+00
1.349339270322561068e+00
1.268307199773358152e+00
1.186572211273433153e+00
1.104240796447623962e+00
1.021420085069503880e+00
9.382177103931248485e-01
8.547416738476539821e-01
7.711002092675716124e-01
6.874016468317000195e-01
6.037542768846836383e-01
5.202662138147171600e-01
4.370452601612013765e-01
3.541987711257382765e-01
2.718335196593194003e-01
1.900555622978264414e-01
1.089701059169771169e-01
2.868137557666022158e-02
-5.070751637681942398e-02
-1.290946997836949772e-01
-2.063796745538486188e-01
-2.824634367971121662e-01
-3.572486030400450763e-01
-4.306395323709796275e-01
-5.025424463577915501e-01
-5.728655465857513951e-01
-6.415191296658891984e-01
-7.084156995675942037e-01
-7.734700771326062929e-01
-8.365995066312484907e-01
-8.977237592255280507e-01
-9.567652332077835053e-01
-1.013649050887685199e+00
-1.068303152004761447e+00
-1.120658383548091885e+00
-1.170648585869462632e+00
-1.218210674981080599e+00
-1.263284720933838479e+00
-1.305814022177216760e+00
-1.345745175807084637e+00
-1.383028143612959227e+00
-1.417616313841719267e+00
-1.449466558600282617e+00
-1.478539286825383714e+00
-1.504798492754305661e+00
-1.528211799836205698e+00
-1.548750500029572486e+00
-1.566389588437250735e+00
-1.581107793236531833e+00
-1.592887600867798792e+00
-1.601715276451358028e+00
-1.607580879408210706e+00
-1.610478274266679666e+00
-1.610405136642986790e+00
-1.607362954390087806e+00
-1.601357023915268352e+00
-1.592396441673185281e+00
-1.580494090847259558e+00
-1.565666623238447297e+00
-1.547934436386613211e+00
-1.527321645955765472e+00
-1.503856053420535188e+00
-1.477569109097247368e+00
-1.448495870568903277e+00
-1.416674956559260901e+00
-1.382148496317027631e+00
-1.344962074576872446e+00
-1.305164672169649931e+00
-1.262808602359705157e+00
-1.217949442992628084e+00
-1.170645964542095463e+00
-1.120960054149690244e+00
-1.068956635756637352e+00
-1.014703586431353610e+00
-9.582716490015482647e-01
-8.997343411042529882e-01
-8.391678607716728244e-01
-7.766509886751542524e-01
-7.122649871537558575e-01
-6.460934961579042346e-01
-5.782224262425558203e-01
-5.087398487479348752e-01
-4.377358833094105450e-01
-3.653025828414663279e-01
-2.915338161437727171e-01
-2.165251482803808303e-01
-1.403737188857457907e-01
-6.317811855389576792e-02
1.496173653066890097e-02
9.394473155955956889e-02
1.736686815019239383e-01
2.540304607762545741e-01
3.349261340267595255e-01
4.162510878370606626e-01
4.979001632129966826e-01
5.797677886654183377e-01
6.617481137232653632e-01
7.437351427067719900e-01
8.256228685904453135e-01
9.073054067855698124e-01
9.886771286721232066e-01
1.069632794710537738e+00
1.150067686964404867e+00
1.229877740866122782e+00
1.308959676058571553e+00
1.387211126147333662e+00
1.464530767199362815e+00
1.540818444825947431e+00
1.615975299689583089e+00
1.689903891276741454e+00
1.762508319780669686e+00
1.833694345941145887e+00
1.903369508690698542e+00
1.971443240459850976e+00
2.037826979997074517e+00
2.102434282562444245e+00
2.165180927357484020e+00
2.225985022057432428e+00
2.284767104315893249e+00
2.341450240115943604e+00
2.395960118845902542e+00
2.448225144982256296e+00
2.498176526266759900e+00
2.545748358269275702e+00
2.590877705232712103e+00
2.633504677101262459e+00
2.673572502638134285e+00
2.711027598544066386e+00
2.745819634493193551e+00
2.777901594008045372e+00
2.807229831100971129e+00
2.833764122614704117e+00
2.857467716200430274e+00
2.878307373877314390e+00
2.896253411123185906e+00
2.911279731451862141e+00
2.923363856438412789e+00
2.932486951159517297e+00
2.938633845021992208e+00
2.941793047958502161e+00
2.941956761975366597e+00
2.939120888043423641e+00
2.933285028328791455e+00
2.924452483766376787e+00
2.912630246984926341e+00
2.897828990598340759e+00
2.880063050883861386e+00
2.859350406873650829e+00
2.835712654892068141e+00
2.809174978576750803e+00
2.779766114427312473e+00
2.747518312931166662e+00
2.712467295321487892e+00
2.674652206027927637e+00
2.634115560886061580e+00
2.590903191176854747e+00
2.545064183572741001e+00
2.496650816071936063e+00
2.445718490007694257e+00
2.392325658224042861e+00
2.336533749514360547e+00
2.278407089423717391e+00
2.218012817520480517e+00
2.155420801246966001e+00
2.090703546463175577e+00
2.023936104801654423e+00
1.955195977955488829e+00
1.884563019025090824e+00
1.812119331053025917e+00
1.737949162879571352e+00
1.662138802454821374e+00
1.584776467746251694e+00
1.505952195383495340e+00
1.425757727184709722e+00
1.344286394711451393e+00
1.261633002001176784e+00
1.177893706628639237e+00
1.093165899249288087e+00
1.007548081779485738e+00
9.211397443698373655e-01
8.340412413292124238e-01
7.463536661580307818e-01
6.581787258504354643e-01
5.696186146254312854e-01
4.807758872476097789e-01
3.917533320983790368e-01
3.026538441585522321e-01
2.135802980630029380e-01
1.246354213878213546e-01
3.592166832962506717e-02
-5.245890606393066591e-02
-1.404047709544234968e-01
-2.278150439070654176e-01
-3.145896140636773586e-01
-4.006292641405140298e-01
-4.858357910989312689e-01
-5.701121253388278243e-01
-6.533624482669780908e-01
-7.354923080947887160e-01
-8.164087337224502638e-01
-8.960203465692654357e-01
-9.742374702127651886e-01
-1.050972237702312295e+00
-1.126138696416122853e+00
-1.199652910334038758e+00
-1.271433059601931426e+00
-1.341399537267277342e+00
-1.409475043069378319e+00
-1.475584674171666943e+00
-1.539656012727585344e+00
-1.601619210175936558e+00
-1.661407068165891676e+00
-1.718955116016336770e+00
-1.774201684618980757e+00
-1.827087976699191874e+00
-1.877558133353564251e+00
-1.925559296787959340e+00
-1.971041669184894429e+00
-2.013958567634198005e+00
-2.054266475066031994e+00
-2.091925087130585670e+00
-2.126897354974102594e+00
-2.159149523866169318e+00
-2.188651167638650641e+00
-2.215375218902095877e+00
-2.239297995010803177e+00
-2.260399219753376432e+00
-2.278662040751000539e+00
-2.294073042551184827e+00
-2.306622255410329725e+00
-2.316303159763895003e+00
-2.323112686388495440e+00
-2.327051212265751623e+00
-2.328122552163146342e+00
-2.326333945952607785e+00
-2.321696041692889789e+00
-2.314222874507216421e+00
-2.303931841292876204e+00
-2.290843671304759077e+00
-2.274982392659946839e+00
-2.256375294815545995e+00
-2.235052887077022099e+00
-2.211048853199161002e+00
-2.184400002146620778e+00
-2.155146215085850692e+00
-2.123330388684624648e+00
-2.088998374800136837e+00
-2.052198916640916693e+00
-2.012983581492038265e+00
-1.971406690097440517e+00
-1.927525242797015981e+00
-1.881398842520115799e+00
-1.833089614740853524e+00
-1.782662124504139634e+00
-1.730183290634917270e+00
-1.675722297246299286e+00
-1.619350502665452218e+00
-1.561141345899122346e+00
-1.501170250763368852e+00
-1.439514527804898858e+00
-1.376253274143712790e+00
-1.311467271369136434e+00
-1.245238881623478733e+00
-1.177651942009379837e+00
-1.108791657458818136e+00
-1.038744492203201863e+00
-9.675980599854558939e-01
-8.954410131561590935e-01
-8.223629307968652880e-01
-7.484542060145127351e-01
-6.738059325515431963e-01
-5.985097908567560410e-01
-5.226579337622018206e-01
-4.463428719115730692e-01
-3.696573590852569868e-01
-2.926942775671618202e-01
-2.155465236978214572e-01
-1.383068937574739588e-01
-6.106797032236899181e-02
1.607799076397298244e-02
9.303917266371986017e-02
1.697243089224085288e-01
2.460427938137961235e-01
3.219047915156592055e-01
3.972213439824192061e-01
4.719044773825767924e-01
5.458673069711482695e-01
6.190241402695819684e-01
6.912905784284237853e-01
7.625836156504948171e-01
8.328217365553846063e-01
9.019250113689060155e-01
9.698151888244667118e-01
1.036415786666494920e+00
1.101652179649463159e+00
1.165451684929764475e+00
1.227743644751104091e+00
1.288459506328025528e+00
1.347532898836143023e+00
1.404899707421419119e+00
1.460498144145111254e+00
1.514268815785241973e+00
1.566154788419523491e+00
1.616101648719204364e+00
1.664057561887775316e+00
1.709973326182788078e+00
1.753802423963825241e+00
1.795501069214245238e+00
1.835028251488881379e+00
1.872345776244809246e+00
1.907418301516951242e+00
1.940213370905110146e+00
1.970701442843870055e+00
1.998855916131673460e+00
2.024653151700237075e+00
2.048072490610309604e+00
2.069096268264739802e+00
2.087709824834592442e+00
2.103901511898994769e+00
2.117662695304186382e+00
2.128987754252077647e+00
2.137874076633401010e+00
2.144322050625342868e+00
2.148335052578142168e+00
2.149919431219901256e+00
2.149084488213426347e+00
2.145842455103432744e+00
2.140208466696944534e+00
2.132200530924140303e+00
2.121839495231191197e+00
2.109149009560897792e+00
2.094155485981077369e+00
2.076888055024734392e+00
2.057378518810001111e+00
2.035661301011648661e+00
2.011773393759827666e+00
1.985754301545205269e+00
1.957645982213309210e+00
1.927492785134201636e+00
1.895341386636915093e+00
1.861240722801237979e+00
1.825241919702463189e+00
1.787398221207534110e+00
1.747764914423803440e+00
1.706399252904251096e+00
1.663360377715374039e+00
1.618709236476345570e+00
1.572508500480115146e+00
1.524822480009213388e+00
1.475717037960805111e+00
1.425259501897213177e+00
1.373518574639736034e+00
1.320564243524879222e+00
1.266467688443407180e+00
1.211301188783557636e+00
1.155138029400775590e+00
1.098052405737004023e+00
1.040119328213029659e+00
9.814145260179700792e-01
9.220143504200568607e-01
8.619956777229861311e-01
8.014358119921105583e-01
7.404123876743480270e-01
6.790032722353651629e-01
6.172864689370007873e-01
5.553400198771596408e-01
4.932419094135292448e-01
4.310699680914206189e-01
3.689017771948531199e-01
3.068145740386528098e-01
2.448851581178914105e-01
1.831897982292284843e-01
1.218041406771452340e-01
6.080311867592569364e-02
2.608630564078229241e-04
-5.974938561592663122e-02
-1.191553634069502099e-01
-1.778858677620924755e-01
-2.358708405373326766e-01
-2.930414492162708995e-01
-3.493301662192109802e-01
-4.046708462134385731e-01
-4.589988013364711406e-01
-5.122508742474226606e-01
-5.643655089248624801e-01
-6.152828191325825369e-01
-6.649446544783523816e-01
-7.132946639941037947e-01
-7.602783571694193832e-01
-8.058431623739970018e-01
-8.499384826083260513e-01
-8.925157485255668099e-01
-9.335284686714941937e-01
-9.729322768930644960e-01
-1.010684976870252827e+00
-1.046746583729570856e+00
-1.081079362701771185e+00
-1.113647864790127340e+00
-1.144418959419824633e+00
-1.173361864042909097e+00
-1.200448170677438808e+00
-1.225651869363352908e+00
-1.248949368521869552e+00
-1.270319512209046930e+00
-1.289743594258385251e+00
-1.307205369311245313e+00
-1.322691060737967161e+00
-1.336189365456495803e+00
-1.347691455659352000e+00
-1.357190977463601955e+00
-1.364684046502536052e+00
-1.370169240481424300e+00
-1.373647588723589941e+00
-1.375122558736851852e+00
-1.374600039833886012e+00
-1.372088323843837498e+00
-1.367598082955961525e+00
-1.361142344739543875e+00
-1.352736464387801485e+00
-1.342398094236716855e+00
-1.330147150612982498e+00
-1.316005778068422005e+00
-1.299998311061254297e+00
-1.282151233147467817e+00
-1.262493133748561647e+00
-1.241054662564434974e+00
-1.217868481703089367e+00
-1.192969215601098254e+00
-1.166393398811374826e+00
-1.138179421737007591e+00
-1.108367474392071950e+00
-1.076999488272485150e+00
-1.044119076421829773e+00
-1.009771471778873719e+00
-9.740034638953053436e-01
-9.368633341136691772e-01
-8.984007892968973730e-01
-8.586668942023176765e-01
-8.177140025938965939e-01
-7.755956871878316727e-01
-7.323666685272886001e-01
-6.880827428829536796e-01
-6.428007092766687691e-01
-5.965782957260523656e-01
-5.494740848081473006e-01
-5.015474386406577612e-01
-4.528584233792302127e-01
-4.034677333293313906e-01
-3.534366147711382466e-01
-3.028267895954357969e-01
-2.517003788483196947e-01
-2.001198262817971418e-01
-1.481478220067820040e-01
-9.584722634417358611e-02
-4.328099396892137740e-02
9.487901559331934909e-03
6.239654278623041339e-02
1.153821427820379553e-01
1.683821189002964180e-01
2.213341657873551527e-01
2.741763275557839719e-01
3.268470690365005149e-01
3.792853460262554099e-01
4.314306744488402012e-01
4.832231983506152795e-01
5.346037566529162621e-01
5.855139485860301196e-01
6.358961977318194903e-01
6.856938146043980442e-01
7.348510577004818689e-01
7.833131929539300931e-01
8.310265515311445750e-01
8.779385859069103182e-01
9.239979241628273332e-01
9.691544224533414909e-01
1.013359215587006368e+00
1.056564765673736250e+00
1.098724908791428589e+00
1.139794899628537195e+00
1.179731454061976104e+00
1.218492789632808826e+00
1.256038663885288509e+00
1.292330410537788854e+00
1.327330973457260921e+00
1.361004938412011533e+00
1.393318562580732722e+00
1.424239801798617311e+00
1.453738335524874969e+00
1.481785589518703539e+00
1.508354756214222325e+00
1.533420812787619436e+00
1.556960536913251314e+00
1.578952520208146915e+00
1.599377179367526658e+00
1.618216764997165491e+00
1.635455368150988686e+00
1.651078924585646757e+00
1.665075216746530140e+00
1.677433873502443884e+00
1.688146367649284718e+00
1.697206011205501852e+00
1.704607948525055150e+00
1.710349147256121860e+00
1.714428387176488044e+00
1.716846246938987797e+00
1.717605088762873766e+00
1.716709041109450329e+00
1.714163979382473446e+00
1.709977504696202022e+00
1.704158920756101647e+00
1.696719208899277520e+00
1.687671001343717725e+00
1.677028552697366504e+00
1.664807709779876799e+00
1.651025879811600205e+00
1.635701997026054677e+00
1.618856487763671304e+00
1.600511234106087199e+00
1.580689536111550497e+00
1.559416072713415424e+00
1.536716861344799234e+00
1.512619216353439322e+00
1.487151706272089591e+00
1.460344110010283636e+00
1.432227372034329704e+00
1.402833556603084952e+00
1.372195801127400472e+00
1.340348268721959446e+00
1.307326100018248782e+00
1.273165364307964342e+00
1.237903010086178313e+00
1.201576815063747805e+00
1.164225335718317877e+00
1.125887856453368308e+00
1.086604338434284056e+00
1.046415368170302562e+00
1.005362105910770687e+00
9.634862339235640283e-01
9.208299047229997480e-01
8.774356893139509950e-01
8.333465255179507425e-01
7.886056664464563548e-01
7.432566291852683582e-01
6.973431437533076371e-01
6.509091023977170432e-01
6.039985092861184235e-01
5.566554306556794618e-01
5.089239454772788163e-01
4.608480966916170818e-01
4.124718430728118168e-01
3.638390117734104923e-01
3.149932516031371810e-01
2.659779870921665790e-01
2.168363733879652422e-01
1.676112520330442779e-01
1.183451076690389403e-01
6.908002571094573607e-02
1.985765103321546210e-02
-2.928085229237786802e-02
-7.829484016910581712e-02
-1.271442265219970835e-01
-1.757895201849744016e-01
-2.241918605964645650e-01
-2.723130522736884052e-01
-3.201155980379366550e-01
-3.675627309651058328e-01
-4.146184450380631104e-01
-4.612475244793938778e-01
-5.074155717452830672e-01
-5.530890341634080443e-01
-5.982352291998509486e-01
-6.428223683421533385e-01
-6.868195795877582999e-01
-7.301969285292431167e-01
-7.729254380298592464e-01
-8.149771064848030377e-01
-8.563249246659661029e-01
-8.969428911498023016e-01
-9.368060263299521351e-01
-9.758903850183362483e-01
-1.014173067640336878e+00
-1.051632230031640525e+00
-1.088247091846150649e+00
-1.123997943586316328e+00
-1.158866152268902106e+00
-1.192834165741152752e+00
-1.225885515663857284e+00
-1.258004819179633360e+00
-1.289177779286303061e+00
-1.319391183936674095e+00
-1.348632903887888590e+00
-1.376891889324578289e+00
-1.404158165281669701e+00
-1.430422825894068772e+00
-1.455678027501530858e+00
-1.479916980638406931e+00
-1.503133940939080926e+00
-1.525324198990890778e+00
-1.546484069167486375e+00
-1.566610877476479757e+00
-1.585702948456080064e+00
-1.603759591156238340e+00
-1.620781084240677350e+00
-1.636768660246715967e+00
-1.651724489040463650e+00
-1.665651660505553577e+00
-1.678554166503964939e+00
-1.690436882147909436e+00
-1.701305546422126724e+00
-1.711166742196138735e+00
-1.720027875666223061e+00
-1.727897155266998608e+00
-1.734783570092533367e+00
-1.740696867866895259e+00
-1.745647532503982635e+00
-1.749646761296315800e+00
-1.752706441772251544e+00
-1.754839128260795800e+00
-1.756058018202916404e+00
-1.756376928247733282e+00
-1.755810270171617615e+00
-1.754373026657654266e+00
-1.752080726972361280e+00
-1.748949422575903689e+00
-1.744995662701409156e+00
-1.740236469938180264e+00
-1.734689315852879554e+00
-1.728372096681904058e+00
-1.721303109127256814e+00
-1.713501026287351348e+00
-1.704984873753191632e+00
-1.695774005899367776e+00
-1.685888082398264043e+00
-1.675347044984827560e+00
-1.664171094498079650e+00
-1.652380668224505023e+00
-1.639996417567188391e+00
-1.627039186063470755e+00
-1.613529987772586161e+00
-1.599489986053654444e+00
-1.584940472752970120e+00
-1.569902847818432701e+00
-1.554398599357560640e+00
-1.538449284154386643e+00
-1.522076508659038208e+00
-1.505301910462720993e+00
-1.488147140269406865e+00
-1.470633844374185539e+00
-1.452783647657130306e+00
-1.434618137099988422e+00
-1.416158845831956059e+00
-1.397427237709321091e+00
-1.378444692432714280e+00
-1.359232491204242166e+00
-1.339811802925682471e+00
-1.320203670937735163e+00
-1.300429000299032190e+00
-1.280508545602505155e+00
-1.260462899325607733e+00
-1.240312480709706344e+00
-1.220077525162923227e+00
-1.199778074179687071e+00
-1.179433965769167258e+00
-1.159064825383866459e+00
-1.138690057338621830e+00
-1.118328836709504115e+00
-1.098000101701054998e+00
-1.077722546469638054e+00
-1.057514614389834184e+00
-1.037394491750134096e+00
-1.017380101863366137e+00
-9.974890995768470603e-01
-9.777388661664834224e-01
-9.581465045986159446e-01
-9.387288351428472177e-01
-9.195023913186882725e-01
-9.004834161583963326e-01
-8.816878587681512558e-01
-8.631313711693101576e-01
-8.448293054012803172e-01
-8.267967108673709431e-01
-8.090483319049142086e-01
-7.915986055606637484e-01
-7.744616595526623293e-01
-7.576513103996723730e-01
-7.411810616993685930e-01
-7.250641025365665016e-01
-7.093133060029912507e-01
-6.939412278102901066e-01
-6.789601049782105768e-01
-6.643818545802917530e-01
-6.502180725296566877e-01
-6.364800323879369337e-01
-6.231786841809315858e-01
-6.103246532049090289e-01
-5.979282388081411659e-01
-5.859994131327593836e-01
-5.745478198027623717e-01
-5.635827725444455538e-01
-5.531132537265015525e-01
-5.431479128075010765e-01
-5.336950646794458297e-01
-5.247626878967216468e-01
-5.163584227806998772e-01
-5.084895693910689296e-01
-5.011630853558228793e-01
-4.943855835527792841e-01
-4.881633296364168428e-01
-4.825022394047194796e-01
-4.774078760017755885e-01
-4.728854469527412618e-01
-4.689398010288489127e-01
-4.655754249411244716e-01
-4.627964398624845321e-01
-4.606065977788786903e-01
-4.590092776712056954e-01
-4.580074815307214608e-01
-4.576038302117056977e-01
-4.578005591261422591e-01
-4.585995137862195481e-01
-4.600021452014160239e-01
-4.620095051380019857e-01
-4.646222412497020837e-01
-4.678405920892796388e-01
-4.716643820117337738e-01
-4.760930159807690298e-01
-4.811254742910660021e-01
-4.867603072198188885e-01
-4.929956296218115375e-01
-4.998291154832337213e-01
-5.072579924501533499e-01
-5.152790363484159863e-01
-5.238885657123946160e-01
-5.330824363408637190e-01
-5.428560358987987167e-01
-5.532042785846146282e-01
-5.641215998829562928e-01
-5.756019514236510037e-01
-5.876387959680122730e-01
-6.002251025440730192e-01
-6.133533417528254095e-01
-6.270154812678097045e-01
-6.412029815508535346e-01
-6.559067918068781644e-01
-6.711173462010446844e-01
-6.868245603615659167e-01
-7.030178281917418559e-01
-7.196860190147209568e-01
-7.368174750746092627e-01
-7.544000094173708426e-01
-7.724209041750129678e-01
-7.908669092762572461e-01
-8.097242416067793602e-01
-8.289785846417356829e-01
-8.486150885731267302e-01
-8.686183709539421205e-01
-8.889725178808010053e-01
-9.096610857362350533e-01
-9.306671035111007129e-01
-9.519730757272392152e-01
-9.735609859796625631e-01
-9.954123011168567459e-01
-1.017507976077116183e+00
-1.039828459397932781e+00
-1.062353699414653185e+00
-1.085063151163642603e+00
-1.107935784004304702e+00
-1.130950089973238315e+00
-1.154084092882782908e+00
-1.177315358175170967e+00
-1.200621003542183374e+00
-1.223977710319261503e+00
-1.247361735661661530e+00
-1.270748925508976335e+00
-1.294114728343129350e+00
-1.317434209743587825e+00
-1.340682067742175132e+00
-1.363832648978520856e+00
-1.386859965655689697e+00
-1.409737713294214156e+00
-1.432439289281211448e+00
-1.454937812209781578e+00
-1.477206142002497113e+00
-1.499216900811135345e+00
-1.520942494683392265e+00
-1.542355135985796544e+00
-1.563426866570380991e+00
-1.584129581671261056e+00
-1.604435054515705561e+00
-1.624314961632643328e+00
-1.643740908840144010e+00
-1.662684457891832057e+00
-1.681117153760597338e+00
-1.699010552536592389e+00
-1.716336249914933054e+00
-1.733065910247031161e+00
-1.749171296128093189e+00
-1.764624298491845211e+00
-1.779396967182161671e+00
-1.793461541969874729e+00
-1.806790483981735251e+00
-1.819356507507170262e+00
-1.831132612147198468e+00
-1.842092115268650687e+00
-1.852208684725648924e+00
-1.861456371809156796e+00
-1.869809644384302416e+00
-1.877243420174150579e+00
-1.883733100147572781e+00
-1.889254601967984781e+00
-1.893784393458737059e+00
-1.897299526040220563e+00
-1.899777668092919924e+00
-1.901197138199978376e+00
-1.901536938222163187e+00
-1.900776786157590159e+00
-1.898897148738023288e+00
-1.895879273713194202e+00
-1.891705221774134138e+00
-1.886357898066237437e+00
-1.879821083242713353e+00
-1.872079464008684191e+00
-1.863118663106286599e+00
-1.852925268691183014e+00
-1.841486863050790568e+00
-1.828792050614926001e+00
-1.814830485209637079e+00
-1.799592896505419537e+00
-1.783071115611336133e+00
-1.765258099767232913e+00
-1.746147956086506747e+00
-1.725735964302806957e+00
-1.704018598474655644e+00
-1.680993547602780858e+00
-1.656659735115853183e+00
-1.631017337181353444e+00
-1.604067799799181904e+00
-1.575813854636904487e+00
-1.546259533566696431e+00
-1.515410181865172179e+00
-1.483272470038919488e+00
-1.449854404239645511e+00
-1.415165335234656707e+00
-1.379215965899691421e+00
-1.342018357202935164e+00
-1.303585932650664470e+00
-1.263933481166733097e+00
-1.223077158380067253e+00
-1.181034486295872599e+00
-1.137824351328672101e+00
-1.093467000677037504e+00
-1.047984037021756798e+00
-1.001398411531724930e+00
-9.537344151637058287e-01
-9.050176682441519738e-01
-8.552751083240870411e-01
-8.045349762996760745e-01
-7.528268007938249129e-01
-7.001813807964238912e-01
-6.466307665632036183e-01
-5.922082387755317479e-01
-5.369482859659822083e-01
-4.808865802169915993e-01
-4.240599511422197820e-01
-3.665063581629570688e-01
-3.082648610941853828e-01
-2.493755890575329315e-01
-1.898797077407767819e-01
-1.298193850261536442e-01
-6.923775501219553430e-02
-8.178880456050752201e-03
5.331228633377993464e-02
1.151899441223254716e-01
1.774074848561889017e-01
2.399175372176469700e-01
3.026720115855283666e-01
3.656221463613062439e-01
4.287185556161874356e-01
4.919112780130576734e-01
5.551498269547797682e-01
6.183832419080104170e-01
6.815601408497521385e-01
7.446287737817983698e-01
8.075370772559106181e-01
8.702327298508809594e-01
9.326632085406685313e-01
9.947758458908381174e-01
1.056517888018876583e+00
1.117836553252162579e+00
1.178679091415990587e+00
1.238992843682025446e+00
1.298725302906689638e+00
1.357824174387134875e+00
1.416237436961411023e+00
1.473913404378174086e+00
1.530800786860260221e+00
1.586848752785187777e+00
1.642006990405106892e+00
1.696225769527579974e+00
1.749456003078045274e+00
1.801649308464158716e+00
1.852758068661702895e+00
1.902735492941358020e+00
1.951535677155355808e+00
1.999113663502798621e+00
2.045425499692444582e+00
2.090428297421779824e+00
2.134080290091296739e+00
2.176340889673205492e+00
2.217170742654237969e+00
2.256531784972551691e+00
2.294387295869586119e+00
2.330701950578133896e+00
2.365441871769098814e+00
2.398574679679948307e+00
2.430069540849409293e+00
2.459897215383581415e+00
2.488030102680478972e+00
2.514442285540988475e+00
2.539109572596029984e+00
2.562009538981040890e+00
2.583121565191028424e+00
2.602426874050739691e+00
2.619908565737009809e+00
2.635551650791848388e+00
2.649343081067345285e+00
2.661271778545565070e+00
2.671328661978854768e+00
2.679506671298573561e+00
2.685800789742590844e+00
2.690208063654645265e+00
2.692727619911235770e+00
2.693360680934595131e+00
2.692110577252843306e+00
2.688982757571840576e+00
2.683984796325695754e+00
2.677126398676290542e+00
2.668419402935206186e+00
2.657877780384583666e+00
2.645517632476637626e+00
2.631357185394946896e+00
2.615416781963854298e+00
2.597718870895821208e+00
2.578287993369761111e+00
2.557150766937076103e+00
2.534335866755434097e+00
2.509874004153885174e+00
2.483797902536345248e+00
2.456142270634257052e+00
2.426943773122435033e+00
2.396240998615879469e+00
2.364074425068869001e+00
2.330486382601314688e+00
2.295521013780390085e+00
2.259224231389774573e+00
2.221643673721702239e+00
2.182828657430657238e+00
2.142830127991412592e+00
2.101700607806879173e+00
2.059494142015112494e+00
2.016266242048034396e+00
1.972073826997691626e+00
1.926975162849076106e+00
1.881029799641901867e+00
1.834298506626660163e+00
1.786843205483503061e+00
1.738726901675293535e+00
1.690013614009403309e+00
1.640768302485269281e+00
1.591056794507853756e+00
1.540945709549528475e+00
1.490502382345696208e+00
1.439794784711650788e+00
1.388891446071067737e+00
1.337861372788031744e+00
1.286773966397463331e+00
1.235698940830262993e+00
1.184706238731779049e+00
1.133865946973772632e+00
1.083248211462005672e+00
1.032923151342856283e+00
9.829607727141286277e-01
9.334308819462858731e-01
8.844029987215731303e-01
8.359462688996387447e-01
7.881293773190911622e-01
7.410204606451332721e-01
6.946870203742618877e-01
6.491958361072235340e-01
6.046128792019932474e-01
5.610032269185653009e-01
5.184309771675466028e-01
4.769591639742563061e-01
4.366496737700884534e-01
3.975631626220621495e-01
3.597589745113836113e-01
3.232950607708674484e-01
2.882279007903260082e-01
2.546124240979246167e-01
2.225019339246839811e-01
1.919480323575292191e-01
1.630005471853441801e-01
1.357074605405185208e-01
1.101148394370116135e-01
8.626676830399027107e-02
6.420528361203170498e-02
4.397031068689372102e-02
2.559960280343054340e-02
9.128682649848895991e-03
-5.409213750021013567e-03
-1.798319057137998112e-02
-2.856474309801826372e-02
-3.712780592737419116e-02
-4.364879839492852298e-02
-4.810666714499844954e-02
-5.048292577801982706e-02
-5.076169150800591279e-02
-4.892971876732399306e-02
-4.497642969943771440e-02
-3.889394148408487073e-02
-3.067709044296917931e-02
-2.032345287808523526e-02
-7.833362598682169775e-03
6.790074903179177390e-03
