1.429562703304236182e+00
1.349339270322561068e+00
1.268307199773358152e+00
1.186572211273433153e+00
1.104240796447623962e+00
1.021420085069503880e+00
9.382177103931248485e-01
8.547416738476539821e-01
7.711002092675716124e-01
6.874016468317000195e-01
6.037542768846836383e-01
5.202662138147171600e-01
4.370452601612013765e-01
3.541987711257382765e-01
2.718335196593194003e-01
1.900555622978264414e-01
1.089701059169771169e-01
2.868137557666022158e-02
-5.070751637681942398e-02
-1.290946997836949772e-01
-2.063796745538486188e-01
-2.824634367971121662e-01
-3.572486030400450763e-01
-4.306395323709796275e-01
-5.025424463577915501e-01
-5.728655465857513951e-01
-6.415191296658891984e-01
-7.084156995675942037e-01
-7.734700771326062929e-01
-8.365995066312484907e-01
-8.977237592255280507e-01
-9.567652332077835053e-01
